497060401
500855614
500860585
500964514
501021421
501271265
501337989
501474098
501498760
501559087
501567237
501574836
501704220
501717543
501729039
501773889
501788003
501794235
501800164
501836392
501839084
501847516
501876401
501879034
501886692
501889084
501929146
501929610
501933264
501940850
502066273
502115959
502199136
502205092
502254330
502352946
502368172
502376461
502382906
502383036
502483554
502526200
502608215
502634578
502665019
502666254
502667200
502741583
502793808
502810282
502962794
502974807
503019786
503109347
503324629
503412730
503526711
503538804
503772253
503820068
503823672
503864409
503866276
504101079
504108263
504115289
504508104
504568756
504593468
504625475
504642019
504809131
504853580
505017668
505198966
505314372
505407318
505693621
505695962
505696248
505801925
505811062
505845219
506030579
506144725
506156402
506248008
506278598
506353473
506356888
506441755
506456537
506520696
506520703
506540916
506694419
506773185
506773892
506809539
506823562
506954308
507129766
507304910
507464107
507552264
507691036
507691380
507691566
507691735
507691834
507990552
508220632
508262069
508356957
508378520
508546728
508563988
508596945
508753256
509580400
509644421
509729072
509799475
509841198
509904120
509958730
509962140
510021399
510093797
510166410
510174759
510214538
510345479
510390912
510417261
510514430
510514474
510517131
510517609
510524416
510532780
510535700
510536059
510536157
510656082
510698988
510699005
510705057
510706209
510712856
510814438
510859641
510917254
510933273
510938357
511194579
511242327
511305590
511434920
511440894
511458599
511458874
511534603
511573879
511595995
511856569
511976254
511976329
511977695
512124564
512145745
512149367
512164988
512176430
512270518
512311673
512326618
524691284
524848692
525368285
526504941
526768996
526928092
527048992
527583578
528402271
528480613
528574532
528693630
528792732
528972913
529487172
529688779
529693740
529763302
530047022
530181996
530318805
530645663
530739576
530773844
531008833
531124922
531134090
531342486
531348161
537153918
538803517
539000397
539290504
539291372
539487468
539497234
539515366
539540432
539643002
540168837
540609585
540684467
540729056
540993890
541010698
541048140
541206592
541290571
543677427
544507627
545446482
545578997
546341286
546377461
546641574
546698458
546716391
546963704
547315014
547388708
547560448
547573479
548227481
548379748
549483412
549855420
550127307
550197614
550374428
550455111
550490398
550851591
551412605
551657972
551834174
551888519
552195520
552318211
552324309
552410386
552427971
552569752
552760671
553000583
553012563
553233689
553568031
554014020
554021353
554037270
554219904
554254184
554284637
555018432
555040116
555042467
555237087
555257822
555327035
555356387
555749369
555801657
555813683
556321897
556338149
556344224
556344441
556353209
556665481
556700770
556919719
556936293
556936622
556936856
556999461
557182484
557225279
557227804
557304694
557345665
557393040
557395543
557414237
557420967
557520764
557589954
557615965
557626633
557848210
557956194
557984485
558387203
558389981
558476282
558560971
558581038
558670888
559082739
559087706
559192380
559382012
559394526
559645339
559869893
560027980
560578599
560596067
560689712
560745435
560782656
560802931
560806119
560809202
560866155
560876151
560898462
560916904
560920977
560926639
561312435
561331220
561405713
561472633
561528269
561531215
561994407
562003583
562043540
562052595
562095852
562122508
562172003
562220433
562222842
562296530
562382668
562536153
562660121
562711440
563027941
563176332
563226901
563335004
563500510
563582972
563710064
564395580
564425777
564607188
565039912
565104109
565216523
565293865
565462806
565583560
565698388
566096665
566307038
566458505
566523247
566645518
566716486
566719810
566752133
567446262
567709426
567734055
567878987
568753147
568775666
568796683
569251677
569252439
569299884
569374806
569396924
569407590
569431665
569457162
569457271
569478789
569494121
569611979
569635505
569645690
569718097
569722788
569739027
569790130
569792817
569810774
569818138
569896493
569933532
569967584
569981240
570006683
570008444
570059563
570080979
570236381
570236726
570278597
570305847
570428252
570472763
570888896
570889097
570909395
570994452
571006300
571006351
571099190
571103671
571137446
571177441
571177752
571255084
571418966
571494829
571541565
571642389
571684733
571912779
572376868
572409326
572489757
572499364
572505201
572606382
572722662
572805162
573083539
573110620
573261515
573720508
573844211
573850303
573864650
573865128
573990411
574180032
574415929
574529965
574685634
574751273
574823092
574824922
574921369
574989957
574990702
575135986
575232864
575302108
575708990
575766607
575795843
575890352
575939366
575970700
576001843
576095926
576208495
576261945
576273468
576373003
576411246
576757012
577219368
577225417
577313742
577379202
577663639
577665023
577720111
577820172
577859418
577885923
578220711
578260272
578431761
578485778
578553996
578674360
578917373
579966129
579968437
580013262
580043440
580051759
580095647
580095655
580124131
580163817
580253793
580570243
580608427
580631157
580878455
580895806
581026088
581108813
581120502
581150104
581153070
581356515
581393200
581597734
581651157
581676766
582622495
582649269
582649934
582838758
582867147
582918858
583130100
583136567
583137106
583149151
583279803
583296652
583301416
583495670
583631286
583708711
584196534
584235345
584477294
584501013
584533518
584544569
584635095
584635321
584778283
584829667
584930390
584944065
584983136
584983527
585035184
585078375
585900296
585953317
585991944
586065853
586241882
586351981
586452281
587059960
587071892
587339481
587344053
588191926
588483711
588497080
588535615
588655112
588656922
589098031
589253444
589423553
589441079
589637407
589755795
590047029
590109296
590168385
590513448
590565013
591254266
591300156
591392166
591397995
591414748
591430494
591460070
591537010
591548033
591563201
591640135
591780793
591823992
592348507
592407200
592409256
592427707
592494159
592655327
592657427
593240301
593243892
593270603
593373156
593389688
593416136
593438037
593506468
593508594
593552712
593624660
593646972
593695648
593887846
593902390
594090967
594127683
594314285
594320795
595183197
595229536
595263154
595273803
595337950
595452192
595620998
595621868
595718342
595719414
595806300
595808594
595829914
595899822
595904738
596509886
596525298
596557969
596584192
596769570
596779487
596824582
596826262
597014165
597028938
597169069
597304174
598137246
598330857
598564173
598582651
598635821
598905882
599125537
599320182
599420257
599586915
599909878
601259499
601260046
601273921
601274353
601300528
601328878
601338233
601362437
601368107
601374506
601385772
601386559
601423209
601500256
601507932
601547955
601705404
601789309
601790881
601805379
601812180
601841437
601871318
601886540
601887677
601903169
601904502
601910964
601982862
602053643
602164790
602170460
602206167
602263642
602397924
602574260
602589533
602857315
602866800
603185265
603187982
603188560
603195918
603224878
603226974
603425659
603452151
603452291
603454352
603516552
603519646
603551724
603552279
603576132
603592541
603604371
603763073
603853341
603863146
603889825
603905059
603926442
603978471
604110093
604145810
604328043
604529230
604576637
604601380
604866832
604870277
604889972
605035620
605087965
605222325
605465843
605606109
605674734
605683787
605688822
605800963
605859367
605883133
605913519
606031380
606151117
606221961
606227591
606340116
606353987
606802468
606828333
606873744
606960609
607040613
607058394
607063420
607268593
609110140
609239161
609517556
609894681
610369753
611638995
611644893
611658482
612044635
612077499
612534310
612536911
612543999
612546472
612546493
612549085
612555380
612566550
613062511
613062525
613062561
613074493
613083872
613091721
613586002
613586022
613599793
613599811
613968705
613974468
613974486
613982017
614535829
614556106
614561354
614571626
614846599
614851823
616770941
616774177
616779893
616785862
617035984
617047316
617047359
617069979
617079480
617381605
617388117
617395439
617395455
617405912
617429820
623338499
623339221
623339891
623342906
623347352
623587006
623594229
626027888
626027944
626028096
627823328
627823344
627823636
627823695
627823723
627823792
627824037
627824108
629789161
636889229
636889304
636891528
636924826
636930038
637113156
637115675
637122339
637123467
637126541
637154333
637159507
637667993
637668816
637669270
637669284
637670417
637671554
637672042
637990755
637994504
637998955
638056634
638262084
638262098
638262535
638262558
638267173
638753616
638754323
638754561
638756637
638862121
638864066
638871662
639117180
639117196
639117826
639251932
639252109
639252499
639253043
639254728
639437387
639437957
639443233
639756225
639929075
639931541
639932847
639940936
639948535
640198011
642026233
642032356
642275947
642275961
642278925
642651898
642656700
642664460
642877968
642883713
642884591
643062797
643066628
643216853
643586314
643592303
643645390
644026238
644051974
644386884
644657636
644660705
644908995
644909311
644909644
644910997
644911034
644947716
644949350
644949526
645035917
645040965
645086975
645256361
645413759
645474010
645687787
645689073
645690246
645691416
645692522
645695159
645699801
645700487
646016204
646016415
646017558
646291324
646685143
646686778
646959390
646959487
647143225
647148822
647155122
647593956
647595665
647595671
647598519
647603932
647605431
647885322
648186871
648377368
648379675
648389302
648644110
649317434
649324898
649398482
649399061
649399137
649401936
649409874
649938038
649938123
649938395
650079244
650389887
650390042
650509372
650510192
650510708
650512363
650885952
651366510
651769499
651770186
651770380
651770794
652091264
652092002
652092676
652092892
652094901
652094917
652096183
652336350
652337551
652338101
652338622
652339241
652340572
652345569
652730939
652737678
652737867
652738799
652842495
652842572
652988777
652989442
652989705
652990427
652990651
652991352
652991570
653052938
653053207
653053920
653054766
653056052
653058060
653122445
653122667
653123586
653123929
653125130
653126877
653130708
653173685
653174169
653174445
653175011
653331120
653331744
653332425
653551965
653552163
653555156
653922961
653923501
653924226
653932505
654532828
654533788
654920038
656381309
656939127
657009581
657012597
657016267
657078119
657079190
657080632
657081119
657082055
657086258
657087057
657223595
657224241
657389972
657390171
657391037
657391625
657469564
657469734
657470856
657648863
657648983
657649356
657649512
657649672
657650110
657650471
657775947
657776356
657785850
657786322
657804824
657807185
657891871
657892020
657892406
657914280
657915168
658020264
658020352
658020691
658020830
658020989
658021293
658024115
658024291
658518486
658522835
658532657
658532840
658533763
658536111
658816608
658816715
658831566
658842672
658854486
658854537
658854887
659491419
659495103
659743436
659743451
659746625
659749630
659767482
659771301
659772816
660064796
660065134
660065538
660065952
660066712
660069314
660510504
660510593
660513003
660969879
661328410
661328570
661437140
661744804
661753184
661771052
661773710
662033243
662107986
662219852
662348706
662348804
662351068
662351164
662351346
662356172
662358233
662358771
662359728
662361096
662958642
662960692
662974315
662982346
662989044
663475712
663478400
663479824
663479950
663482878
663485329
663488086
663866413
663868345
663868423
663870102
663873076
663876406
663876890
664394265
664404274
664414452
664899825
664899910
664914611
665305913
665307545
665722301
665726259
665726618
666274157
666274171
666274565
666274740
666550608
666563739
666589601
667004159
667011230
667014179
667348568
667364442
667372460
667376208
667692764
667721307
667772496
667775371
668526823
668528146
669233895
669237515
669239852
669858844
669859475
669861524
670395725
670395999
670396194
670398566
670399058
670721500
670721589
670721867
670722225
670728674
670733777
671162628
671162646
671163047
671164733
671164927
671614170
671618887
672206735
672207947
672211004
672213828
672214923
672220620
672223115
672674054
672674656
672675348
672675715
673144434
673145838
673171110
673171528
673173248
673475020
673475038
673475737
673914981
674275260
674275274
674276329
674678616
674679019
674679940
675062364
675067662
675070721
675477919
675478137
676024666
676024958
676025604
676026346
676502528
676503588
676503737
676503918
679346829
679353932
679697469
679697901
679700458
679702884
680150733
680156911
680600666
680601013
680601319
681047011
681673022
681674286
682049099
682051855
682054669
682732631
682734376
682734792
683252051
683253712
683257169
685494041
685497280
685816006
685816036
685816064
686441799
686442556
686449092
686449285
686909240
686910010
686910134
686919436
687498308
688579650
688580172
688678766
688678784
688678798
689385404
689388034
689398304
689402014
689402473
690004696
690021259
690045763
690046237
690072103
691197571
691199371
691201201
691208363
691763694
692345003
692345336
696156783
696717748
697339797
698260532
698762886
698768912
699154913
699155265
699155540
699846423
700659215
701046700
701047896
702934681
702934964
703308071
703308147
703731597
703731696
704298735
704821286
704822876
704826374
705412356
705944402
706566686
707005501
707006626
707007273
707444935
707444949
707917316
707921521
707923645
709948912
710024283
710469199
710500829
710502981
710504563
710505947
710778377
710937195
710937910
710938138
710938330
711590232
711590640
711590945
712178483
712178511
712919665
712919679
712923993
712924011
713568018
714778358
715923832
716646781
716951662
716956096
717214654
717913184